0 0.47578125 0.44140625 0.1296875 0.09609375
0 0.68515625 0.47421875 0.115625 0.0703125
0 0.3703125 0.53125 0.1328125 0.11640625
0 0.48671875 0.54765625 0.1515625 0.09765625
0 0.603125 0.5875 0.08671875 0.1015625
0 0.7109375 0.59765625 0.10546875 0.17890625
0 0.25078125 0.6328125 0.0828125 0.15078125
0 0.48046875 0.6546875 0.1484375 0.12734375
0 0.63125 0.6875 0.115625 0.1015625
0 0.153125 0.73203125 0.1234375 0.1265625
0 0.85703125 0.7390625 0.14296875 0.1546875
0 0.3421875 0.73984375 0.12890625 0.3625
0 0.74453125 0.7640625 0.14296875 0.17734375
0 0.55 0.765625 0.07421875 0.11953125
0 0.13515625 0.78828125 0.10625 0.134375
0 0.2359375 0.78828125 0.10625 0.1625
0 0.63046875 0.78984375 0.11328125 0.11171875
0 0.46328125 0.80390625 0.13828125 0.16640625
0 0.85703125 0.80859375 0.14609375 0.12109375
0 0.25625 0.83984375 0.1015625 0.1296875