0 0.53203125 0.22421875 0.090625 0.12734375
0 0.76796875 0.2390625 0.109375 0.12578125
0 0.31484375 0.25234375 0.1375 0.1890625
0 0.56328125 0.3140625 0.10546875 0.09453125
0 0.48515625 0.3171875 0.0734375 0.11875
0 0.7640625 0.334375 0.13359375 0.128125
0 0.25703125 0.33671875 0.1265625 0.15078125
0 0.7609375 0.42578125 0.103125 0.12109375
0 0.6 0.42734375 0.10390625 0.16484375
0 0.49375 0.43828125 0.13125 0.16171875
0 0.2125 0.45 0.16875 0.22890625
0 0.75625 0.51640625 0.11328125 0.16875
0 0.82890625 0.53203125 0.07265625 0.14140625
0 0.9 0.53203125 0.1171875 0.1078125
0 0.66484375 0.5375 0.0875 0.2078125
0 0.55546875 0.55390625 0.11171875 0.16640625
0 0.45703125 0.571875 0.1078125 0.1796875
0 0.671875 0.58359375 0.11484375 0.14375
0 0.1453125 0.58828125 0.16484375 0.2640625
0 0.90078125 0.65859375 0.109375 0.2015625
0 0.52265625 0.7375 0.153125 0.196875
0 0.74375 0.73828125 0.1 0.190625
0 0.37734375 0.13125 0.1484375 0.17890625