0 0.49296875 0.52109375 0.09296875 0.12109375
0 0.384375 0.565625 0.1453125 0.1171875
0 0.75 0.63515625 0.14765625 0.23828125
0 0.9 0.67109375 0.175 0.2515625
0 0.37109375 0.67734375 0.134375 0.11875
0 0.5171875 0.6875 0.18046875 0.1421875
0 0.81875 0.6875 0.16953125 0.203125
0 0.12421875 0.75234375 0.209375 0.21875
0 0.51171875 0.79140625 0.13125 0.13515625
0 0.37578125 0.79609375 0.13828125 0.140625
0 0.27421875 0.82109375 0.1296875 0.15234375
0 0.8453125 0.8625 0.275 0.21328125
0 0.1703125 0.915625 0.215625 0.16875