0 0.47265625 0.2859375 0.16875 0.27734375
0 0.21796875 0.29765625 0.34140625 0.32578125
0 0.65546875 0.40234375 0.2171875 0.17421875
0 0.21484375 0.47890625 0.278125 0.2515625
0 0.44296875 0.4796875 0.17265625 0.14453125
0 0.0796875 0.57421875 0.1578125 0.1984375
0 0.65 0.59296875 0.22265625 0.2265625
0 0.86796875 0.6796875 0.2515625 0.640625
0 0.346875 0.7625 0.36171875 0.471875
0 0.140625 0.81953125 0.28125 0.3609375
0 0.63125 0.828125 0.22734375 0.33984375
0 0.66328125 0.2171875 0.21953125 0.2609375