0 0.290625 0.20625 0.1328125 0.22578125
0 0.80859375 0.2390625 0.2109375 0.2
0 0.24140625 0.3390625 0.15390625 0.26015625
0 0.565625 0.3390625 0.08515625 0.196875
0 0.91015625 0.3484375 0.1796875 0.26640625
0 0.503125 0.38125 0.06484375 0.38203125
0 0.26328125 0.4484375 0.17265625 0.2109375
0 0.98046875 0.47265625 0.03828125 0.15234375
0 0.1765625 0.5703125 0.08125 0.27890625
0 0.9203125 0.58046875 0.159375 0.2515625
0 0.97421875 0.61953125 0.0515625 0.16875
0 0.271875 0.62421875 0.146875 0.19609375